20
200
0 6614 4
1 10049 2
2 10495 3
3 8904 3
4 13664 1
5 6826 4
6 7755 4
7 4448 1
8 2700 2
9 7378 2
10 5713 1
11 10350 3
12 11589 4
13 8719 3
14 7663 2
15 7162 1
16 3931 3
17 2604 2
18 12953 4
19 6367 1
20 10035 1
21 14821 2
22 5991 4
23 5337 3
24 5181 1
25 12165 3
26 9053 4
27 9736 1
28 10571 3
29 13517 3
30 2984 1
31 8810 2
32 12998 2
33 11609 2
34 3321 2
35 3439 2
36 9198 1
37 7294 1
38 5220 4
39 2600 1
40 11719 3
41 4407 1
42 3030 1
43 8278 4
44 11236 4
45 10850 4
46 14110 3
47 10019 3
48 6555 4
49 7624 2
50 2809 4
51 6613 2
52 2811 4
53 3373 2
54 7655 2
55 5423 1
56 2640 3
57 13584 2
58 6932 1
59 8797 2
60 13372 3
61 13157 3
62 8953 1
63 9789 3
64 5697 2
65 9687 1
66 8176 2
67 3970 3
68 12661 4
69 12902 3
70 11785 4
71 7853 1
72 12319 4
73 7045 4
74 9049 2
75 5283 2
76 6967 3
77 10401 4
78 8118 1
79 11773 3
80 11154 1
81 5479 3
82 14101 2
83 12640 4
84 13897 3
85 5606 2
86 2693 2
87 2650 3
88 13666 3
89 2791 1
90 4002 1
91 10555 2
92 8963 2
93 13325 1
94 13516 3
95 9731 1
96 14094 1
97 11928 4
98 9556 1
99 7977 2
100 6030 1
101 7755 1
102 8184 4
103 5226 2
104 3716 3
105 7319 3
106 9044 1
107 10950 3
108 4022 1
109 4696 3
110 9900 3
111 12133 4
112 4841 4
113 4560 2
114 4950 4
115 13311 1
116 12279 4
117 12246 3
118 11930 2
119 11469 3
120 12210 1
121 11222 4
122 11206 2
123 6110 1
124 13354 2
125 8602 1
126 11964 4
127 13638 1
128 7373 3
129 7069 3
130 6966 4
131 4108 4
132 3260 4
133 13469 2
134 7540 3
135 7086 3
136 5503 3
137 12382 2
138 11674 1
139 12524 4
140 11601 2
141 3991 1
142 7586 1
143 12517 2
144 7175 3
145 13971 1
146 10585 3
147 10715 4
148 13804 4
149 8559 4
150 7376 1
151 12673 2
152 14954 4
153 3092 2
154 14142 2
155 4515 3
156 7759 4
157 6001 3
158 5052 2
159 4708 2
160 5283 2
161 13814 3
162 6806 1
163 13523 3
164 2686 4
165 8657 4
166 11978 1
167 9805 4
168 6116 1
169 12060 1
170 8188 4
171 10077 2
172 8974 4
173 9781 1
174 10222 2
175 13092 2
176 6056 2
177 4568 1
178 7785 2
179 14342 4
180 14032 1
181 7804 4
182 4611 3
183 3907 4
184 9292 3
185 5569 2
186 6092 1
187 4104 4
188 13333 1
189 3763 2
190 8177 2
191 9875 1
192 13353 1
193 4833 3
194 6440 1
195 12392 4
196 7926 2
197 7051 4
198 6135 1
199 12292 4
3
6 1
5 16
13 14
15
3 69
194 64
111 164
22 39
170 129
43 81
187 109
56 118
120 12
188 38
40 185
150 116
170 59
145 50
170 19
10
156 185
95 74
149 100
124 2
114 156
72 35
100 164
81 56
28 91
101 135
20
80 48
6 139
14 92
21 72
84 56
68 125
45 89
39 134
188 180
161 93
70 26
150 50
57 72
4 176
103 141
123 188
22 73
64 101
143 3
37 100
