20
100
0 7841 3
1 4476 3
2 6378 1
3 6045 2
4 7924 2
5 5547 4
6 10646 3
7 3631 1
8 3119 1
9 13766 2
10 13861 4
11 10872 2
12 12438 4
13 3214 1
14 4341 1
15 12980 4
16 5532 3
17 5416 2
18 7690 3
19 11888 4
20 3913 4
21 8851 4
22 14449 3
23 13581 3
24 3583 4
25 8445 3
26 6848 4
27 5297 1
28 11135 4
29 14582 3
30 8095 3
31 10868 1
32 13464 4
33 2975 2
34 5354 4
35 13066 1
36 14763 1
37 4683 3
38 4434 3
39 11833 1
40 10662 2
41 14113 1
42 3414 3
43 13132 2
44 13996 1
45 5821 1
46 6154 2
47 10746 3
48 13557 3
49 9033 1
50 11608 1
51 10141 2
52 9030 3
53 9085 1
54 9110 1
55 13986 4
56 3726 2
57 7787 1
58 5891 2
59 5082 1
60 3217 3
61 5943 3
62 8597 4
63 6069 3
64 13900 3
65 11214 3
66 4319 1
67 10420 1
68 13781 1
69 4181 4
70 11985 2
71 4932 2
72 5601 1
73 14016 1
74 3203 3
75 9929 3
76 14553 1
77 6953 1
78 14343 3
79 8965 4
80 8853 3
81 2698 4
82 4097 3
83 13924 1
84 13481 1
85 11743 4
86 9557 1
87 9587 3
88 14134 1
89 7005 1
90 3594 1
91 4441 1
92 11157 1
93 6887 2
94 5085 2
95 5383 3
96 4249 4
97 14580 1
98 10182 3
99 11638 3
3
12 2
14 12
1 13
10
76 23
81 96
37 35
71 9
80 18
67 49
13 35
7 57
97 11
54 23
5
40 88
98 51
89 2
6 22
37 24
15
40 58
36 41
92 24
68 4
34 99
55 80
28 51
93 77
37 97
40 52
48 98
54 96
95 42
93 86
10 83
